0 4 8 7 10 12 16 13 
4 0 12 11 14 16 20 17 
8 12 0 15 18 20 24 21 
7 11 15 0 3 5 9 6 
10 14 18 3 0 2 6 3 
12 16 20 5 2 0 8 1 
16 20 24 9 6 8 0 9 
13 17 21 6 3 1 9 0 